# Time	(Ca elimination through PMCA Pump).Flux	(Ca influx through IP3R from ER).Flux	(Ca influx through TRPV).Flux	(Ca influx through VGCC).Flux	(Ca into ER through SERCA Pump).Flux	
0	0.39	-0	-2.26908e-38	-0	0.606257	
1	0.39	-0	-2.15842e-38	-0	0.606257	
2	0.39	-0	-2.05315e-38	-0	0.606257	
3	0.39	-0	-1.95302e-38	-0	0.606257	
4	0.39	-0	-1.85777e-38	-0	0.606257	
5	0.39	-0	-1.76716e-38	-0	0.606257	
6	0.39	-0	-1.68098e-38	-0	0.606257	
7	0.39	-0	-1.599e-38	-0	0.606257	
8	0.39	-0	-1.52101e-38	-0	0.606257	
9	0.39	-0	-1.44683e-38	-0	0.606257	
10	0.39	-0	-1.37627e-38	-0	0.606257	
11	0.39	-0	-1.30915e-38	-0	0.606257	
12	0.39	-0	-1.2453e-38	-0	0.606257	
13	0.39	-0	-1.18456e-38	-0	0.606257	
14	0.39	-0	-1.12679e-38	-0	0.606257	
15	0.39	-0	-1.07184e-38	-0	0.606257	
16	0.39	-0	-1.01956e-38	-0	0.606257	
17	0.39	-0	-9.69838e-39	-0	0.606257	
18	0.39	-0	-9.22539e-39	-0	0.606257	
19	0.39	-0	-8.77546e-39	-0	0.606257	
20	0.39	-0	-8.34748e-39	-0	0.606257	
21	0.39	-0	-7.94037e-39	-0	0.606257	
22	0.39	-0	-7.55312e-39	-0	0.606257	
23	0.39	-0	-7.18475e-39	-0	0.606257	
24	0.39	-0	-6.83435e-39	-0	0.606257	
25	0.39	-0	-6.50103e-39	-0	0.606257	
26	0.39	-0	-6.18397e-39	-0	0.606257	
27	0.39	-0	-5.88238e-39	-0	0.606257	
28	0.39	-0	-5.59549e-39	-0	0.606257	
29	0.39	-0	-5.32259e-39	-0	0.606257	
30	0.39	-0	-5.06301e-39	-0	0.606257	
31	0.62244	-0.379093	0.915085	-0	0.866348	
32	2.40622	-4.21168	5.56771	0	2.20231	
33	0.351745	-50.5483	12.8847	-0	0.558862	
34	0.0894652	-247.97	19.2019	-0	0.17545	
35	0.0549823	-733.212	22.2546	-0	0.11286	
36	0.0406487	-1541.62	22.2363	-0	0.0853443	
37	0.0324895	-2596.08	20.4539	-0	0.0691996	
38	0.0271931	-3782.47	18.0513	-0	0.0585072	
39	0.0235011	-5006.56	15.6512	-0	0.0509451	
40	0.0208067	-6207.75	13.4953	-0	0.0453656	
41	0.0187743	-7352.43	11.6406	-0	0.0411209	
42	0.0172016	-8424.73	10.0741	-0	0.0378143	
43	0.0159597	-9419.61	8.7623	-0	0.0351887	
44	0.0149623	-10338.4	7.66893	-0	0.0330705	
45	0.0141497	-11186	6.76021	-0	0.0313386	
46	0.0134797	-11969.2	6.00637	-0	0.029906	
47	0.0129214	-12695.5	5.38189	-0	0.0287091	
48	0.0124518	-13372.1	4.86508	-0	0.0277001	
49	0.0120535	-14006.3	4.43769	-0	0.0268429	
50	0.0117133	-14604.4	4.08446	-0	0.0261094	
51	0.0114208	-15172.4	3.79265	-0	0.0254778	
52	0.0111678	-15715.3	3.55165	-0	0.0249308	
53	0.0109478	-16237.7	3.35267	-0	0.0244547	
54	0.0107556	-16743.3	3.18843	-0	0.0240383	
55	0.0105869	-17235.6	3.05286	-0	0.0236725	
56	0.0104382	-17717.3	2.941	-0	0.02335	
57	0.0103068	-18190.8	2.84869	-0	0.0230646	
58	0.0101902	-18658.3	2.77252	-0	0.0228113	
59	0.0100864	-19121.3	2.70969	-0	0.0225857	
60	0.00999385	-19581.4	2.65785	-0	0.0223844	
61	0.00922613	-20040.4	2.62186	-0	0.0207115	
62	0.00767637	-20502.4	2.62253	-0	0.0173148	
63	0.00625498	-20973.5	2.66691	-0	0.0141751	
64	0.00520669	-21460.5	2.75322	-0	0.0118433	
65	0.00453482	-21969.9	2.87701	-0	0.010341	
66	0.00417505	-22507.9	3.033	-0	0.00953397	
67	0.00405497	-23080.2	3.21555	-0	0.00926418	
68	0.00411764	-23691.6	3.41871	-0	0.00940501	
69	0.00432884	-24346.5	3.63635	-0	0.00987919	
70	0.00467673	-25048	3.86229	-0	0.0106588	
71	0.00516914	-25798.9	4.09052	-0	0.0117595	
72	0.0058313	-26600.6	4.31535	-0	0.0132343	
73	0.0067059	-27453.8	4.53167	-0	0.0151738	
74	0.0078564	-28358.4	4.73501	-0	0.0177108	
75	0.00937412	-29313.4	4.92172	-0	0.0210344	
76	0.0113904	-30316.9	5.08897	-0	0.0254121	
77	0.0140964	-31366.7	5.23474	-0	0.0312247	
78	0.0177756	-32459.7	5.35783	-0	0.0390233	
79	0.022858	-33592.3	5.45771	-0	0.0496181	
80	0.0300153	-34760.4	5.53452	-0	0.0642266	
81	0.0403342	-35959.8	5.58886	-0	0.0847289	
82	0.0556515	-37185.4	5.62177	-0	0.114121	
83	0.07925	-38431.5	5.63456	-0	0.157379	
84	0.11744	-39691.2	5.62873	-0	0.223212	
85	0.183599	-40955.3	5.60591	-0	0.327983	
86	0.310362	-42208.9	5.56777	-0	0.505724	
87	0.596511	-43421.9	5.51595	-0	0.839317	
88	1.48193	-44506	5.45195	-0	1.59978	
89	8.55475	-44888.6	5.37641	0	4.98366	
90	31.6945	-0.00731901	5.28954	0	13.4525	
91	7.42615	-0.00179047	5.20265	0	4.538	
92	5.87577	-0.00122244	5.10561	0	3.89752	
93	5.50436	-0.000893609	5.003	0	3.73738	
94	5.33668	-0.000601413	4.89597	0	3.66401	
95	5.21235	-0.000369425	4.78545	0	3.60914	
96	5.09651	-0.000210552	4.67224	0	3.55765	
97	4.98134	-0.000113254	4.55704	0	3.50607	
98	4.86537	-5.82741e-05	4.44047	0	3.45375	
99	4.74864	-2.89776e-05	4.32308	0	3.40066	
100	4.63151	-1.40329e-05	4.20536	0	3.34695	
101	4.51437	-6.65639e-06	4.08772	0	3.29277	
102	4.3976	-3.10634e-06	3.97054	0	3.23828	
103	4.28153	-1.43096e-06	3.85414	0	3.18362	
104	4.16645	-6.52366e-07	3.73879	0	3.12889	
105	4.05259	-2.94911e-07	3.62475	0	3.07422	
106	3.94019	-1.32399e-07	3.5122	0	3.0197	
107	3.82942	-5.90988e-08	3.40135	0	2.96541	
108	3.72043	-2.62524e-08	3.29233	0	2.91143	
109	3.61337	-1.16135e-08	3.18528	0	2.85782	
110	3.50834	-5.11914e-09	3.0803	0	2.80464	
111	3.40545	-2.24938e-09	2.97749	0	2.75194	
112	3.30475	-9.85622e-10	2.87691	0	2.69978	
113	3.20631	-4.30784e-10	2.77862	0	2.64819	
114	3.11019	-1.87848e-10	2.68266	0	2.5972	
115	3.0164	-8.17397e-11	2.58907	0	2.54685	
116	2.92499	-3.54979e-11	2.49787	0	2.49717	
117	2.83595	-1.53876e-11	2.40907	0	2.44818	
118	2.7493	-6.65859e-12	2.32268	0	2.3999	
119	2.66502	-2.8766e-12	2.23868	0	2.35235	
120	2.58313	-1.24078e-12	2.15707	0	2.30555	
121	2.50359	-5.34397e-13	2.07784	0	2.25951	
122	2.42639	-2.29833e-13	2.00095	0	2.21423	
123	2.3515	-9.87104e-14	1.92639	0	2.16974	
124	2.27889	-4.23392e-14	1.85413	0	2.12603	
125	2.20853	-1.81372e-14	1.78412	0	2.08312	
126	2.14039	-7.76014e-15	1.71634	0	2.04101	
127	2.07442	-3.31633e-15	1.65075	0	1.9997	
128	2.01059	-1.41564e-15	1.5873	0	1.9592	
129	1.94885	-6.03636e-16	1.52595	0	1.9195	
130	1.88916	-2.57122e-16	1.46665	0	1.8806	
131	1.83148	-1.09411e-16	1.40937	0	1.84252	
132	1.77575	-4.65117e-17	1.35405	0	1.80524	
133	1.72193	-1.9754e-17	1.30065	0	1.76876	
134	1.66997	-8.38212e-18	1.24911	0	1.73307	
135	1.61983	-3.55366e-18	1.1994	0	1.69819	
136	1.57146	-1.50535e-18	1.15146	0	1.66409	
137	1.5248	-6.37164e-19	1.10524	0	1.63077	
138	1.47982	-2.69486e-19	1.0607	0	1.59824	
139	1.43646	-1.13896e-19	1.01778	-0	1.56648	
140	1.39467	-4.81032e-20	0.976447	-0	1.53548	
141	1.35442	-2.03028e-20	0.936644	-0	1.50525	
142	1.31565	-8.56383e-21	0.898326	-0	1.47576	
143	1.27831	-3.61012e-21	0.861449	-0	1.44702	
144	1.24237	-1.52102e-21	0.825966	-0	1.41902	
145	1.20777	-6.40514e-22	0.791834	-0	1.39174	
146	1.17448	-2.69595e-22	0.759007	-0	1.36517	
147	1.14245	-1.13419e-22	0.727445	-0	1.33932	
148	1.11165	-4.76965e-23	0.697104	-0	1.31416	
149	1.08202	-2.00509e-23	0.667944	-0	1.28969	
150	1.05353	-8.42614e-24	0.639924	-0	1.2659	
151	1.02614	-3.53977e-24	0.613006	-0	1.24277	
152	0.999819	-1.48657e-24	0.58715	-0	1.2203	
153	0.974521	-6.24228e-25	0.56232	-0	1.19848	
154	0.950213	-2.62126e-25	0.538479	-0	1.17729	
155	0.92686	-1.1006e-25	0.515593	-0	1.15673	
156	0.904428	-4.61963e-26	0.493626	-0	1.13677	
157	0.882884	-1.93846e-26	0.472545	-0	1.11742	
158	0.862195	-8.133e-27	0.452318	-0	1.09865	
159	0.842331	-3.4169e-27	0.432913	-0	1.08047	
160	0.823262	-1.4369e-27	0.4143	-0	1.06284	
161	0.804957	-6.04494e-28	0.39645	-0	1.04578	
162	0.787389	-2.54511e-28	0.379332	-0	1.02925	
163	0.77053	-1.07104e-28	0.362921	-0	1.01325	
164	0.754354	-4.50043e-29	0.347188	-0	0.997771	
165	0.738835	-1.88998e-29	0.332108	-0	0.982797	
166	0.723947	-7.94885e-30	0.317655	-0	0.968317	
167	0.709667	-3.36532e-30	0.303806	-0	0.95432	
168	0.695972	-1.43346e-30	0.290536	-0	0.940793	
169	0.682838	-6.21934e-31	0.277824	-0	0.927725	
170	0.670246	-2.70658e-31	0.265646	-0	0.915104	
171	0.658172	-1.18635e-31	0.253983	-0	0.902918	
172	0.646598	-5.12139e-32	0.242813	-0	0.891156	
173	0.635504	-2.2105e-32	0.232117	-0	0.879808	
174	0.62487	-9.43055e-33	0.221876	-0	0.86886	
175	0.61468	-3.82587e-33	0.212072	-0	0.858303	
176	0.604915	-1.6015e-33	0.202686	-0	0.848125	
177	0.595558	-6.72776e-34	0.193703	-0	0.838315	
178	0.586594	-2.83296e-34	0.185105	-0	0.828863	
179	0.578007	-1.18856e-34	0.176877	-0	0.819758	
180	0.569781	-4.99575e-35	0.169004	-0	0.81099	
181	0.561902	-2.10315e-35	0.16147	-0	0.802549	
182	0.554357	-8.8399e-36	0.154263	-0	0.794424	
183	0.547131	-3.70004e-36	0.147369	-0	0.786605	
184	0.540212	-1.54638e-36	0.140774	-0	0.779084	
185	0.533588	-6.46288e-37	0.134466	-0	0.77185	
186	0.527246	-2.69125e-37	0.128434	-0	0.764894	
187	0.521175	-1.12129e-37	0.122665	-0	0.758207	
188	0.515364	-4.67467e-38	0.117148	-0	0.751781	
189	0.509803	-1.95129e-38	0.111874	-0	0.745606	
190	0.50448	-8.1519e-39	0.106831	-0	0.739674	
191	0.499386	-3.42211e-39	0.10201	-0	0.733976	
192	0.494513	-1.4731e-39	0.0974012	-0	0.728505	
193	0.48985	-6.50572e-40	0.0929961	-0	0.723253	
194	0.485389	-2.9278e-40	0.0887858	-0	0.718212	
195	0.481121	-1.32005e-40	0.0847619	-0	0.713375	
196	0.477039	-5.9821e-41	0.0809163	-0	0.708733	
197	0.473135	-2.59638e-41	0.0772416	-0	0.704281	
198	0.469401	-1.03757e-41	0.0737302	-0	0.700011	
199	0.46583	-4.21578e-42	0.0703752	-0	0.695917	
200	0.462416	-1.77056e-42	0.0671697	-0	0.691992	
201	0.459151	-5.73088e-43	0.0641074	-0	0.688229	
202	0.456029	-1.85142e-43	0.0611821	-0	0.684623	
203	0.453045	-2.1975e-43	0.0583876	-0	0.681168	
204	0.450193	-7.0827e-44	0.0557185	-0	0.677858	
205	0.447466	-4.24275e-44	0.0531691	-0	0.674687	
206	0.44486	-1.49626e-44	0.0507342	-0	0.67165	
207	0.442369	-4.92591e-45	0.0484089	-0	0.668742	
208	0.439989	-2.2272e-45	0.0461884	-0	0.665958	
209	0.437714	-1.00122e-45	0.0440679	-0	0.663292	
210	0.435541	-4.10545e-46	0.0420432	-0	0.660741	
211	0.433464	-1.66672e-46	0.04011	-0	0.6583	
212	0.43148	-9.36022e-47	0.0382642	-0	0.655963	
213	0.429585	-6.23626e-47	0.036502	-0	0.653728	
214	0.427774	-2.15506e-47	0.0348196	-0	0.651589	
215	0.426045	-2.09062e-48	0.0332137	-0	0.649544	
216	0.424393	-1.857e-49	0.0316807	-0	0.647588	
217	0.422816	-1.43819e-48	0.0302174	-0	0.645717	
218	0.421309	-3.95464e-48	0.0288207	-0	0.643928	
219	0.41987	-5.08824e-49	0.0274876	-0	0.642218	
220	0.418496	4.2587e-51	0.0262153	-0	0.640583	
221	0.417185	5.41279e-50	0.0250011	-0	0.63902	
222	0.415932	-8.32324e-50	0.0238424	-0	0.637526	
223	0.414736	-6.37507e-50	0.0227366	-0	0.636099	
224	0.413595	-9.89241e-50	0.0216815	-0	0.634735	
225	0.412505	-2.03552e-50	0.0206747	-0	0.633431	
226	0.411464	-3.11336e-52	0.019714	-0	0.632186	
227	0.410471	1.59425e-53	0.0187975	-0	0.630997	
228	0.409524	-6.0181e-56	0.017923	-0	0.62986	
229	0.408619	-6.60911e-52	0.0170887	-0	0.628775	
230	0.407756	-4.34188e-52	0.0162927	-0	0.627739	
231	0.406932	-1.80626e-52	0.0155334	-0	0.626749	
232	0.406146	4.86894e-54	0.0148091	-0	0.625804	
233	0.405395	9.19201e-53	0.0141182	-0	0.624901	
234	0.40468	9.21766e-53	0.0134591	-0	0.624039	
235	0.403997	3.46193e-53	0.0128305	-0	0.623217	
236	0.403345	-2.09796e-54	0.0122309	-0	0.622431	
237	0.402723	-4.49245e-53	0.011659	-0	0.621682	
238	0.40213	-8.84727e-54	0.0111136	-0	0.620966	
239	0.401564	-1.38762e-54	0.0105934	-0	0.620283	
240	0.401024	6.73337e-56	0.0100974	-0	0.619632	
241	0.400509	4.89803e-54	0.00962429	-0	0.61901	
242	0.400018	2.62221e-55	0.00917315	-0	0.618416	
243	0.39955	-1.50378e-57	0.00874296	-0	0.61785	
244	0.399103	-5.5174e-56	0.00833275	-0	0.617309	
245	0.398677	-6.72209e-55	0.0079416	-0	0.616794	
246	0.39827	-4.77283e-56	0.00756864	-0	0.616302	
247	0.397883	4.7469e-57	0.00721303	-0	0.615833	
248	0.397513	8.54008e-57	0.00687398	-0	0.615385	
249	0.397161	2.87597e-56	0.00655072	-0	0.614958	
250	0.396825	3.41266e-57	0.00624253	-0	0.614551	
251	0.396504	-3.13446e-57	0.00594871	-0	0.614163	
252	0.396199	-1.12432e-56	0.00566861	-0	0.613792	
253	0.395907	-1.54411e-57	0.00540158	-0	0.613439	
254	0.395629	-3.41244e-59	0.00514702	-0	0.613102	
255	0.395364	3.70303e-58	0.00490437	-0	0.61278	
256	0.395112	2.10942e-57	0.00467306	-0	0.612474	
257	0.394871	5.06154e-59	0.00445257	-0	0.612182	
258	0.394642	-1.11974e-59	0.0042424	-0	0.611903	
259	0.394423	-5.41384e-59	0.00404208	-0	0.611638	
260	0.394214	-2.1498e-58	0.00385114	-0	0.611384	
261	0.394015	-3.55739e-60	0.00366915	-0	0.611143	
262	0.393826	1.35806e-59	0.0034957	-0	0.610913	
263	0.393645	6.46635e-60	0.00333039	-0	0.610693	
264	0.393473	1.03642e-59	0.00317284	-0	0.610484	
265	0.393309	2.07076e-61	0.00302269	-0	0.610284	
266	0.393153	-3.47562e-60	0.0028796	-0	0.610094	
267	0.393003	-2.2187e-60	0.00274323	-0	0.609913	
268	0.392861	-3.48444e-61	0.00261328	-0	0.60974	
269	0.392726	-3.06638e-64	0.00248944	-0	0.609576	
270	0.392597	3.79943e-61	0.00237143	-0	0.609419	
271	0.392474	6.43731e-61	0.00225897	-0	0.609269	
272	0.392357	7.12032e-63	0.00215182	-0	0.609127	
273	0.392245	-9.05518e-63	0.00204972	-0	0.608991	
274	0.392139	-3.1398e-62	0.00195243	-0	0.608861	
275	0.392037	-6.00548e-62	0.00185972	-0	0.608738	
276	0.39194	-1.17349e-64	0.0017714	-0	0.60862	
277	0.391848	8.32111e-63	0.00168724	-0	0.608508	
278	0.391761	2.46355e-63	0.00160706	-0	0.608401	
279	0.391677	2.05809e-63	0.00153066	-0	0.6083	
280	0.391597	2.85725e-67	0.00145788	-0	0.608203	
281	0.391521	-1.94313e-63	0.00138853	-0	0.60811	
282	0.391449	-2.59168e-64	0.00132247	-0	0.608022	
283	0.39138	-1.62838e-65	0.00125953	-0	0.607938	
284	0.391315	3.90038e-67	0.00119957	-0	0.607858	
285	0.391252	2.36788e-64	0.00114245	-0	0.607782	
286	0.391192	8.1187e-65	0.00108804	-0	0.60771	
287	0.391136	-6.38199e-69	0.0010362	-0	0.607641	
288	0.391082	-1.14836e-65	0.000986817	-0	0.607575	
289	0.39103	-2.2006e-65	0.000939777	-0	0.607512	
290	0.390981	-1.1451e-65	0.000894968	-0	0.607452	
291	0.390934	8.40781e-68	0.000852285	-0	0.607395	
292	0.39089	7.56934e-66	0.000811627	-0	0.607341	
293	0.390847	1.95751e-66	0.000772899	-0	0.607289	
294	0.390807	4.74942e-67	0.00073601	-0	0.60724	
295	0.390768	-1.42278e-68	0.000700874	-0	0.607193	
296	0.390732	-1.49413e-66	0.000667406	-0	0.607149	
297	0.390697	-1.90014e-67	0.00063553	-0	0.607106	
298	0.390664	-4.5382e-69	0.000605168	-0	0.607066	
299	0.390632	9.7557e-70	0.000576251	-0	0.607027	
300	0.390602	1.35553e-67	0.000548709	-0	0.60699	
